(i3,a12)
(a7,4x,a7,2x,a7,2x,a2,4x,a2,4x,7(a4,2x),a4)
17         10
1          5        2        F           1/2   0     0     0     0     0     12    0
2          3        4        M           1/2   0     0     0     0     0     42    0
3                            F           1/2   21    0     0     0     0     0     40
4                            M                 0     0     0     0     0     66    0
5                            F                 0     0     0     0     0     0     44
10         5        2        F           1/1   0     0     0     0     0     0     24
11         5        2        F           1/1   0     0     0     0     0     0     28
12         3        4        M           1/2   0     0     0     0     0     44    0
13         3        4        F           1/2   0     0     0     0     0     0     36
14         100      12       M           1/2   0     0     0     0     0     0     12
15         100      12       M           1/2   0     0     0     0     0     0     10
16         100      12       F                 0     0     0     0     0     20    0
17         13       101      M           1/1   0     0     0     0     0     27    0
18                           F                 0     0     0     0     0     29    0
19                           F                 0     0     0     0     0     29    0
100                          F                 0     0     0     0     0     45    0
101                          M                 0     0     0     0     0     0     37
